 0    1        24.0741         0.3956          0.0000         0.0000         0.0000         0.0000
 1    1         6.4315       119.1049       -105.4670        39.4381        -7.0378         0.4891
10    1        35.0826       -14.0466          7.7426        -4.5093         2.5550        -0.4463
20    1       -45.5629       121.8945       -101.0246        38.3569        -6.9255         0.4866
11    1        37.6369       -16.6257          1.6594         0.7670         0.2638        -0.1023
21    1       -58.6417       150.6479       -114.5766        37.2221        -5.0617         0.1969
 0    2        23.6692         0.3920          0.0000         0.0000         0.0000         0.0000
 1    2        -0.1193       137.0834       -122.3934        46.8152        -8.5656         0.6108
10    2        29.2802        81.5290       -148.4241        93.9628       -24.8907         2.3643
20    2        15.5391       -67.2201         94.7798       -53.2652        13.1357        -1.1880
11    2        13.9977        39.5521        -51.6330        30.1618        -7.5100         0.6433
21    2       -11.5064        67.2117        -73.0534        34.0094        -7.3159         0.6019
 0    3        23.9736         0.4161          0.0000         0.0000         0.0000         0.0000
 1    3         1.9415       136.5231       -126.6265        49.9535        -9.3366         0.6735
10    3        51.2841       -63.0316         53.2926       -20.6212         4.1111        -0.3390
20    3       -41.8026       109.7667        -87.0272        30.4908        -4.7665         0.2574
11    3        56.5984       -70.1407         74.4999       -40.9315        11.0177        -1.1128
21    3        13.8989       -39.9438         51.9204       -27.7107         6.5402        -0.5703
 0    4        24.0532         0.4014          0.0000         0.0000         0.0000         0.0000
 1    4        -1.1383       135.4813       -117.8297        43.6276        -7.6775         0.5235
10    4       -16.5499       144.8553       -181.9218        99.2256       -24.1030         2.1425
20    4       -14.3965        40.1487        -10.1949        -9.7720         4.9530        -0.6104
11    4         0.1339        80.5209        -95.1136        52.0495       -12.8951         1.1852
21    4        -1.4177        18.7895        -11.3976         1.0894         0.6064        -0.1109
 0    5        24.3039         0.4092          0.0000         0.0000         0.0000         0.0000
 1    5        38.2610        34.5935        -20.2552        -0.8174         1.9360        -0.2740
10    5        42.5320       -34.9434         20.1032        -1.6946        -1.4179         0.2536
20    5       -74.5909       227.1844       -228.3079       105.7682       -23.0837         1.9285
11    5        -2.9526       105.1065       -138.4144        81.1844       -21.2689         2.0444
21    5       -33.3260        90.8762        -69.0875        22.4258        -3.0937         0.1310
 0    6        23.7462         0.3907          0.0000         0.0000         0.0000         0.0000
 1    6        -6.6876       148.9805       -129.4038        48.1958        -8.5250         0.5849
10    6        -8.7005       112.6199       -137.9916        77.8463       -19.9898         1.8980
20    6        -8.8829        45.1467        -39.4914        14.1594        -2.1805         0.1131
11    6       116.1167      -225.1722        200.6938       -82.9617        15.9407        -1.1413
21    6       -41.8961       145.5806       -153.8990        72.8448       -16.0143         1.3320
