53.448466137147108        -0.086287764363944        -0.000095208568679        0.000000573157491        -0.000000000693952        0.000000000000267        
  2395.572627329481747        -19.579668396704726        0.064797456172212        -0.000100845569270        0.000000074006368        -0.000000000020579        
  259.560198858548574        -1.844516389508475        0.005648994718534        -0.000008298117560        0.000000005840166        -0.000000000001577        
  -1587.804278895457401        12.696688014266641        -0.035969419740232        0.000048344042919        -0.000000030096499        0.000000000006884        
  31.244744412870517        -0.025807389788636        -0.000011577835718        0.000000214273351        -0.000000000339440        0.000000000000158        
 34.465276195094624        0.045937262105175        -0.000434902242746        0.000000932745139        -0.000000000833190        0.000000000000271        
  3635.381526237591515        -22.391133082958913        0.063385989108405        -0.000088140825578        0.000000058919265        -0.000000000015056        
  198.778521131712267        -1.138544385556973        0.003128878030819        -0.000004213574978        0.000000002729891        -0.000000000000672        
  1840.285580954853003        -14.731530568584006        0.047634304990508        -0.000070778318684        0.000000049201832        -0.000000000012891        
  239.703202430365707        -1.665091837883518        0.005104440345427        -0.000007626633722        0.000000005541237        -0.000000000001565        
 62.648795387438646        -0.202971507270251        0.000412901309633        -0.000000426657627        0.000000000204401        -0.000000000000033        
  5505.758250992919784        -44.246117648832730        0.142983640614620        -0.000217740239693        0.000000157627772        -0.000000000043738        
  137.610864617097349        -0.877776486033249        0.002764189351627        -0.000004129583160        0.000000002927356        -0.000000000000789        
  344.946357574946262        5.621617559675438        -0.020344778542695        0.000033499083642        -0.000000026928489        0.000000000008469        
  -35.029472261198009        0.766223788807457        -0.002745396684495        0.000004621528350        -0.000000003749284        0.000000000001183        
 109.141173435470662        -0.618600665002767        0.001816612190204        -0.000002714071430        0.000000002008202        -0.000000000000584        
  176.654641794276699        0.980557784282395        -0.004434087390540        0.000008006260292        -0.000000005770392        0.000000000001306        
  -18.993624563198331        0.402038850300937        -0.001205887423007        0.000001590733648        -0.000000000912114        0.000000000000169        
  1175.291585819301872        -3.528334832328303        0.008977772742253        -0.000011419463583        0.000000005926540        -0.000000000000681        
  223.097532523005469        -1.419016100626559        0.004258429941881        -0.000006247651659        0.000000004429123        -0.000000000001208        
 99.175888767618616        -0.484455189099180        0.001277836120915        -0.000001741410194        0.000000001190341        -0.000000000000324        
  2108.985526175658379        -18.749089325155833        0.066411589994549        -0.000110694155495        0.000000088167629        -0.000000000026950        
  102.031283321769024        -0.608825833913801        0.001948334892035        -0.000003043150820        0.000000002292849        -0.000000000000661        
  -2834.362182720959026        23.552345615317957        -0.073523328825804        0.000111121579335        -0.000000080561949        0.000000000022405        
  -67.714437911752213        0.790236817449855        -0.002559147773978        0.000003978412216        -0.000000002962100        0.000000000000848        
 54.075117651289297        -0.167277937624739        0.000416438439455        -0.000000645102074        0.000000000538254        -0.000000000000179        
  1674.291250256091644        -8.510168235424377        0.024353652698827        -0.000035048237822        0.000000024024525        -0.000000000006206        
  194.725459887803083        -1.227022197653817        0.003754095508600        -0.000005645875233        0.000000004107310        -0.000000000001150        
  580.651869204728655        -1.601754520529919        -0.000886817864826        0.000009335680173        -0.000000011083844        0.000000000003972        
  55.543883831755714        -0.182118215858001        0.000519579714073        -0.000000834302749        0.000000000683447        -0.000000000000216
21.2705
-28.9264
25.4932
-4.78682
-5.312
0.856255
1.63874
-0.521273
25.0443
-40.9505
38.1715
-6.99589
-7.91355
1.15056
2.36619
-0.726547
24.6494
-25.2154
21.0279
-2.62599
-4.13014
0.232492
1.06568
-0.262551
25.3508
-24.5825
20.8596
-2.42474
-4.67902
0.25823
1.35124
-0.355843
21.1227
-29.4264
25.627
-4.55052
-5.28143
0.787255
1.60035
-0.499669
21.1971
-26.7258
20.1399
-1.88304
-4.1284
0.229936
1.15199
-0.313701
7.40126
0.957651
-0.283775
-0.204316
-0.0325918
0.0250913
0.0158334
-0.00669936
7.58464
0.983148
-0.289777
-0.208745
-0.0329221
0.0260165
0.0163233
-0.00693876
20.5197
-26.2064
20.6874
-2.79965
-4.14738
0.438308
1.19256
-0.350286
22.3754
-31.2002
25.5825
-3.37353
-5.20974
0.483683
1.48313
-0.423769
22.6959
-30.7444
27.8342
-4.93677
-5.89908
0.816736
1.80308
-0.556583
22.1063
-25.1883
20.5476
-2.86605
-4.52616
0.532944
1.43724
-0.448601
22.2357
-21.4523
15.7163
-1.40776
-2.99638
0.131435
0.775292
-0.197684
26.1508
-34.1148
31.3651
-5.47908
-6.35284
0.875133
1.8528
-0.565443
