22.5766  39.5556  -183.657  399.512  -376.344  123.579
-23.6493  -57.429  373.122  -928.061  973.105  -361.767
9.49287  -103.199  524.209  -989.095  812.627  -250.717
11.4563  -96.9686  325.064  -443.698  245.592  -40.6378
17.598  28.0111  -395.352  1037  -1057.69  384.615
18.4587  81.6281  -336.531  654.326  -573.079  180.43
-19.6718  -73.6404  333.414  -696.524  658.379  -226.549
-2.06932  19.4375  23.8652  -97.2173  86.0376  -27.9061
0.049853  0.300575  53.6358  -102.877  59.3104  -8.99266
25.5934  -56.2587  -66.5851  446.049  -567.076  230.788
12.3745  162.198  -712.744  1387.1  -1222.38  398.341
-12.3183  -167.067  714.609  -1366.69  1167.34  -362.468
-9.73288  128.701  -498.845  912.678  -785.049  253.361
-13.6796  171.545  -647.061  1170.74  -973.835  296.079
28.8695  -86.7528  4.30548  403.802  -591.703  253.88
15.2885  119.141  -505.391  994.725  -902.99  304.123
-12.9802  -138.562  554.175  -1038.67  891.218  -279.724
-4.15888  38.5631  -24.8768  -71.64  98.5849  -35.1769
-11.1097  117.32  -298.923  410.903  -292.586  77.7574
47.4254  -254.247  597.696  -603.729  227.275  -0.00153134
13.1077  157.106  -705.317  1393.79  -1229.5  395.684
-17.8871  -69.2882  219.4  -313.051  172.114  -15.8653
-7.40298  96.492  -346.436  610.982  -505.341  153.672
-4.18967  30.334  84.7391  -388.767  485.883  -204.074
39.5253  -169.174  330.682  -210.333  -53.0142  76.9178
24.6531  -14.7061  102.858  -263.567  312.512  -138.823
-23.4092  -28.2316  136.224  -294.559  267.743  -83.8173
7.75328  -122.511  718.455  -1538.14  1431.12  -492.956
4.56461  -56.208  291.708  -551.947  456.822  -142.96
30.7604  -54.582  -166.44  697.543  -798.587  305.61
-1.7441740268025547
73.6163211373528981
-79.3915285311192918
-26.1014770682216266
98.3891683155370629
-46.2144502637158681
0.4535893649122138
65.9183831986081259
-64.4146721700080889
-25.1281741620484134
78.1009586244424838
-34.8741292505743488
10.8074646594509858
52.8191513135842783
-58.5669334993137412
-18.1673001918950021
71.8569901587626845
-33.6328012424236746
15.0287290788992252
40.9926067504507969
-41.9504885168731505
-14.5429429630173370
50.4714544315843696
-22.8634746147142636
23.5269680964786119
23.5458458912227009
-19.1984860821119803
-8.4575820072386225
18.8502947162865269
-6.8728733506133199
22.5988807089174593
46.3623019568830088
-56.8795728434437677
-12.1497141313312405
71.4065002874866650
-36.6174899882323288
-21.2659974286471574
40.5356766187369715
25.4355594655563628
-25.3148236474928936
-43.9882619167388498
33.4088860764397637
-25.2785047413932560
48.4100146972252858
30.2116938918706488
-30.5048135249878705
-52.7305430607743162
40.0698206966047437
-18.8955940092023731
31.6922601791806002
21.6320076936356678
-17.6960869134926817
-33.6555514610413553
24.0162209729932172
-26.5070373815923688
43.8234450503919746
29.5221720726986092
-25.3768847692047856
-47.2355099924077422
34.1583948475855408
30.4047182832081297
13.1783689138991136
-9.1795953337439151
-14.7916821096268407
6.6125093883763810
13.3303157020724967
33.4945665491873470
8.9555331395842650
-11.7750089064080541
0.2256687344380026
34.3699367269147444
-40.3453652593342156
-36.7940858388070566
140.6533206190077294
-103.7504965549588007
-78.1776656364575047
141.6546351405077644
-52.6598397223711245
-38.0891349604567182
151.0909446515963737
-115.0023050503134243
-83.7311802759667927
157.2558421320123614
-59.3317420581172357
-4.6680465092835437
76.2871473236879893
-76.4660763917754736
-29.4979675995162793
93.3040051069457803
-41.5135161697282840
-4.1495171775376631
79.6969145033532413
-79.2125453985715353
-31.4884707161141542
95.9758424859789443
-41.9244102232059177
-9.1899647511609803
14.3182318793276906
11.0752668893604600
-5.8880529229633014
-13.9535804528935294
8.8177191310873155
-10.9432391542185812
16.7295877230679757
13.0834958862759212
-6.7143754926023638
-16.2483955064104428
10.1414695760419242
-11.1546264174806620
18.1518900961426475
12.6018293525323362
-9.8862107927064642
-19.1514607170142881
13.6474377544720546
-12.7820652167156190
20.6937807307048658
14.2058073430402416
-11.5844834193253021
-22.0263243796979999
15.9490187779469537
-6.9895173036440825
8.5807855291472990
1.9981764394421513
-1.4231497208751311
-0.9090179368069837
0.3905104533294141
-2.5457968379453439
4.3918253020852669
1.4042297949860691
-0.3824030933716810
-0.3786035712661064
0.0959857714609967
20.5202472050439439
-1.7368832618946395
-0.1288937614952190
-0.0000000000027756
22.4836702428161601
-2.2137355859215835
-0.0561833745059692
-0.0000000000111022
26.4379554662846736
-1.2376636502974825
-0.0782194867166575
-0.0000000524910115
28.6648945767954935
-1.5291412347673283
-0.0000000394941857
-0.0000000037471692
32.6494544789078418
-1.0954989275623883
-0.0223823550342117
-0.0000000606366624
35.9992721614221409
-1.3032508992661396
-0.0000000137905798
-0.0051542260162130
11.0102359647896773
-0.0000012641854785
-1.8004304723417963
-0.0118638643140101
12.3475912668198120
-0.0000000583184057
-1.6045094220815681
-0.1829311940532152
11.3825479538797119
-2.6817990000121972
-1.1063694454419570
-0.0000001996957599
12.1697133962098683
-1.1426259368164104
-2.1022650417028554
-0.0000001770963931
33.7845737365000147
-0.0000002458072634
-0.0206449957920185
-0.0078833586648619
36.2864665191640796
-0.1401427956670420
-0.0358613486139414
-0.0000000207473483
18.3733410278495555
-6.8435203379473837
-0.0074874069588837
-0.0000000010443313
19.6337205796625938
-6.7751299980471913
-0.0710361960213346
-0.0000000005667689
19.9320759107695160
-2.2769501047206209
-0.0845727556986753
-0.0000000000057176
21.3921771830747467
-2.2605035956096420
-0.1042394086626097
-0.0000000006962764
11.2016051729053050
-6.0987600787673628
-0.0000002735319748
-0.0000000000229816
13.2385183430195070
-7.2875201169408381
-0.0000006906887839
-0.0000000239456233
8.2889108643743654
-3.4135257614642533
-0.6729918018924530
-0.0000070517801043
8.6841502908515995
-3.3514911404185499
-0.8857335130944555
-0.0000056261374448
6.0270277661391090
-4.7284993099500072
-0.0000000099574238
-0.0000000190753524
5.6782242262950255
-3.2455372043401765
-0.0000000060282890
-0.0000000023002711
