84.0444  -1080.45  7234.77  -22250.5  31792.9  -17044.7
-49.133  410.421  -2783.87  8842.75  -13149.3  7345.92
-38.856  572.763  -2896.14  6655.06  -7044.88  2769.75
-31.3644  495.516  -2744.39  7050.32  -8502.63  3890.08
49.8466  -28.9738  -804.2  3583.43  -5833.46  3333.4
39.6715  -159.501  474.305  9.6616  -1571.85  1433.61
-30.8793  49.6825  -123.371  -39.8726  338.728  -200.977
24.1639  -359.287  1995  -5013.19  5839.64  -2569.87
22.6455  -339.185  1915.94  -4950.49  6012.5  -2795.84
46.4953  -63.9063  -271.25  1558.33  -2750  1666.67
54.3992  -434.741  2723.61  -8312  12178.2  -6785.11
-0.924992  -452.841  2865.27  -8161.91  10631.7  -5153.06
21.4034  -384.601  2718.18  -8971.64  13856  -8001.33
25.8675  -429.833  2724.33  -7924.26  10828.5  -5630.06
26.3861  262.779  -2210.4  6874.95  -9583.27  4999.96
65.9714  -629.492  3618.51  -9787.37  12619.9  -6248
-40.6086  186.186  -635.55  541.875  558.453  -724.602
-1.41491  36.451  -192.757  443.279  -440.357  146.793
1.50677  0.823645  -74.2565  409.802  -741.678  432.509
26.3859  262.781  -2210.42  6875  -9583.33  5000
96.5164  -1149.25  6871.39  -19250.9  25583.7  -13000.3
-70.3563  739.263  -4445.99  12446.2  -16426.7  8244.5
-40.6839  699.784  -4331.92  12438.4  -16658  8400.63
9.72645  -128  643.921  -1373.02  1286.39  -421.396
49.8469  -28.9793  -804.166  3583.33  -5833.33  3333.33
82.9915  -925.741  5190.25  -13457.9  16546.6  -7836.01
-3.61122  -427.645  2948.42  -9276.03  13392.1  -7172.86
37.0043  -584.548  3466.72  -9493.68  12185  -5935.05
36.7475  -581.264  3454.65  -9486.57  12212.7  -5966.7
26.3859  262.781  -2210.42  6875  -9583.33  5000
21.2705
-28.9264
25.4932
-4.78682
-5.312
0.856255
1.63874
-0.521273
25.0443
-40.9505
38.1715
-6.99589
-7.91355
1.15056
2.36619
-0.726547
24.6494
-25.2154
21.0279
-2.62599
-4.13014
0.232492
1.06568
-0.262551
25.3508
-24.5825
20.8596
-2.42474
-4.67902
0.25823
1.35124
-0.355843
21.1227
-29.4264
25.627
-4.55052
-5.28143
0.787255
1.60035
-0.499669
21.1971
-26.7258
20.1399
-1.88304
-4.1284
0.229936
1.15199
-0.313701
7.40126
0.957651
-0.283775
-0.204316
-0.0325918
0.0250913
0.0158334
-0.00669936
7.58464
0.983148
-0.289777
-0.208745
-0.0329221
0.0260165
0.0163233
-0.00693876
20.5197
-26.2064
20.6874
-2.79965
-4.14738
0.438308
1.19256
-0.350286
22.3754
-31.2002
25.5825
-3.37353
-5.20974
0.483683
1.48313
-0.423769
22.6959
-30.7444
27.8342
-4.93677
-5.89908
0.816736
1.80308
-0.556583
22.1063
-25.1883
20.5476
-2.86605
-4.52616
0.532944
1.43724
-0.448601
22.2357
-21.4523
15.7163
-1.40776
-2.99638
0.131435
0.775292
-0.197684
26.1508
-34.1148
31.3651
-5.47908
-6.35284
0.875133
1.8528
-0.565443
7.5505288748606620
2.2930377670140056
0.0000000005026535
0.0000000002655098
7.5599530089388463
2.5762785138240263
0.0068653361604554
0.0000007905603949
12.8642736058083074
1.8909875809011711
0.0000000736510297
0.0000000010498269
13.9980819163146855
1.8081850234781816
0.0000000005866974
0.0000000000069389
7.1737160095370793
2.3172452013214273
0.0000000005366263
0.0000000000573985
7.3645140096505859
2.4206754674959696
0.0000000126293420
0.0000000001380562
0.0000000000000000
0.0000000000000000
0.0000000000000000
0.0000000000000000
0.0000000000000000
0.0000000000000000
0.0000000000000000
0.0000000000000000
7.1229349208256636
2.3471891739666462
0.0000000003906320
0.0000000000000000
7.2890179843778764
2.5063722725418569
0.0000000007475132
0.0000000007538414
8.8777738298413951
2.1810430166715467
0.0000000000447420
0.0000000054621307
9.5390272633466502
2.1662771661757896
0.0000000012803647
0.0000000030991321
10.8866824823026622
2.0184958770034789
0.0000000052173821
0.0000000001537104
11.7405833833668876
1.9258541643614735
0.0596666887516806
0.0000000494777552
