22.5766  39.5556  -183.657  399.512  -376.344  123.579
-23.6493  -57.429  373.122  -928.061  973.105  -361.767
9.49287  -103.199  524.209  -989.095  812.627  -250.717
11.4563  -96.9686  325.064  -443.698  245.592  -40.6378
17.598  28.0111  -395.352  1037  -1057.69  384.615
18.4587  81.6281  -336.531  654.326  -573.079  180.43
-19.6718  -73.6404  333.414  -696.524  658.379  -226.549
-2.06932  19.4375  23.8652  -97.2173  86.0376  -27.9061
0.049853  0.300575  53.6358  -102.877  59.3104  -8.99266
25.5934  -56.2587  -66.5851  446.049  -567.076  230.788
12.3745  162.198  -712.744  1387.1  -1222.38  398.341
-12.3183  -167.067  714.609  -1366.69  1167.34  -362.468
-9.73288  128.701  -498.845  912.678  -785.049  253.361
-13.6796  171.545  -647.061  1170.74  -973.835  296.079
28.8695  -86.7528  4.30548  403.802  -591.703  253.88
15.2885  119.141  -505.391  994.725  -902.99  304.123
-12.9802  -138.562  554.175  -1038.67  891.218  -279.724
-4.15888  38.5631  -24.8768  -71.64  98.5849  -35.1769
-11.1097  117.32  -298.923  410.903  -292.586  77.7574
47.4254  -254.247  597.696  -603.729  227.275  -0.00153134
13.1077  157.106  -705.317  1393.79  -1229.5  395.684
-17.8871  -69.2882  219.4  -313.051  172.114  -15.8653
-7.40298  96.492  -346.436  610.982  -505.341  153.672
-4.18967  30.334  84.7391  -388.767  485.883  -204.074
39.5253  -169.174  330.682  -210.333  -53.0142  76.9178
24.6531  -14.7061  102.858  -263.567  312.512  -138.823
-23.4092  -28.2316  136.224  -294.559  267.743  -83.8173
7.75328  -122.511  718.455  -1538.14  1431.12  -492.956
4.56461  -56.208  291.708  -551.947  456.822  -142.96
30.7604  -54.582  -166.44  697.543  -798.587  305.61
-9.38287
141.708
-311.898
355.13
-202.842
45.886
-5.0696
115.156
-232.553
250.579
-139.762
31.7401
5.71617
98.2023
-213.531
235.919
-128.91
27.7509
11.9773
68.1933
-134.83
137.747
-69.86
13.9273
15.8944
91.5913
-251.574
372.6
-282.272
85.2025
14.9163
114.847
-290.733
371.297
-231.579
56.0204
-68.6594
276.206
-399.884
291.827
-105.949
15.2312
-80.1984
320.356
-456.78
325.875
-115.248
16.1277
-45.368
159.759
-197.712
124.91
-39.45
4.93076
-65.591
233.658
-298.18
192.487
-61.8966
7.87335
49.4602
-85.0252
140.588
-80.5662
13.3469
0.966285
118.388
-430.191
686.059
-367.411
44.8473
9.24767
-45.8266
211.096
-318.128
240.352
-89.7134
13.1607
-48.535
232.554
-362.913
284.618
-110.294
16.7807
-9.9816
123.659
-238.241
235.789
-116.335
22.5888
-9.1391
124.179
-231.114
217.597
-100.853
18.2587
-14.5157
37.0305
-19.0972
-1.75586
4.64272
-1.10996
-16.9679
42.4593
-21.0564
-2.23554
5.03237
-1.1689
-26.3787
91.8873
-113.979
72.9571
-23.1784
2.88696
-32.5265
117.539
-156.162
107.61
-37.053
5.03249
10.1562
-80.3653
172
-151.54
61.5007
-9.51788
-3.07035
4.43599
2.47256
-0.745133
-0.827079
0.298873
20.5202472050439439
-1.7368832618946395
-0.1288937614952190
-0.0000000000027756
22.4836702428161601
-2.2137355859215835
-0.0561833745059692
-0.0000000000111022
26.4379554662846736
-1.2376636502974825
-0.0782194867166575
-0.0000000524910115
28.6648945767954935
-1.5291412347673283
-0.0000000394941857
-0.0000000037471692
32.6494544789078418
-1.0954989275623883
-0.0223823550342117
-0.0000000606366624
35.9992721614221409
-1.3032508992661396
-0.0000000137905798
-0.0051542260162130
11.0102359647896773
-0.0000012641854785
-1.8004304723417963
-0.0118638643140101
12.3475912668198120
-0.0000000583184057
-1.6045094220815681
-0.1829311940532152
11.3825479538797119
-2.6817990000121972
-1.1063694454419570
-0.0000001996957599
12.1697133962098683
-1.1426259368164104
-2.1022650417028554
-0.0000001770963931
33.7845737365000147
-0.0000002458072634
-0.0206449957920185
-0.0078833586648619
36.2864665191640796
-0.1401427956670420
-0.0358613486139414
-0.0000000207473483
18.3733410278495555
-6.8435203379473837
-0.0074874069588837
-0.0000000010443313
19.6337205796625938
-6.7751299980471913
-0.0710361960213346
-0.0000000005667689
19.9320759107695160
-2.2769501047206209
-0.0845727556986753
-0.0000000000057176
21.3921771830747467
-2.2605035956096420
-0.1042394086626097
-0.0000000006962764
11.2016051729053050
-6.0987600787673628
-0.0000002735319748
-0.0000000000229816
13.2385183430195070
-7.2875201169408381
-0.0000006906887839
-0.0000000239456233
8.2889108643743654
-3.4135257614642533
-0.6729918018924530
-0.0000070517801043
8.6841502908515995
-3.3514911404185499
-0.8857335130944555
-0.0000056261374448
6.0270277661391090
-4.7284993099500072
-0.0000000099574238
-0.0000000190753524
5.6782242262950255
-3.2455372043401765
-0.0000000060282890
-0.0000000023002711
